[soe][Equalizer#0]
bypass=true
inputGain=-3
numBands=5

[soe][Equalizer#0#left]
band0Frequency=60
band0Gain=2
band0Mode=6
band0Q=0.699999988079071
band0Type=5
band10Type=0
band11Type=0
band12Type=0
band13Type=0
band14Type=0
band15Type=0
band16Type=0
band17Type=0
band18Type=0
band19Type=0
band1Frequency=125
band1Gain=-2
band1Mode=6
band1Q=1
band20Type=0
band21Type=0
band22Type=0
band23Type=0
band24Type=0
band25Type=0
band26Type=0
band27Type=0
band28Type=0
band29Type=0
band2Frequency=2000
band2Gain=3
band2Mode=6
band2Q=0.800000011920929
band30Type=0
band31Type=0
band3Frequency=4000
band3Gain=3
band3Mode=6
band3Q=1
band4Frequency=8000
band4Gain=1.5
band4Mode=6
band4Q=1.2000000476837158
band5Type=0
band6Type=0
band7Type=0
band8Type=0
band9Type=0

[soe][Equalizer#0#right]
band0Frequency=60
band0Gain=2
band0Mode=6
band0Q=0.699999988079071
band0Type=5
band10Type=0
band11Type=0
band12Type=0
band13Type=0
band14Type=0
band15Type=0
band16Type=0
band17Type=0
band18Type=0
band19Type=0
band1Frequency=125
band1Gain=-2
band1Mode=6
band1Q=1
band20Type=0
band21Type=0
band22Type=0
band23Type=0
band24Type=0
band25Type=0
band26Type=0
band27Type=0
band28Type=0
band29Type=0
band2Frequency=2000
band2Gain=3
band2Mode=6
band2Q=0.800000011920929
band30Type=0
band31Type=0
band3Frequency=4000
band3Gain=3
band3Mode=6
band3Q=1
band4Frequency=8000
band4Gain=1.5
band4Mode=6
band4Q=1.2000000476837158
band5Type=0
band6Type=0
band7Type=0
band8Type=0
band9Type=0

[soe][Equalizer#1]
inputGain=-3
numBands=7

[soe][Equalizer#1#left]
band0Frequency=60
band0Gain=4.1000000000000005
band0Mode=6
band0Q=0.699999988079071
band0Type=5
band10Type=0
band11Type=0
band12Type=0
band13Type=0
band14Type=0
band15Type=0
band16Type=0
band17Type=0
band18Type=0
band19Type=0
band1Frequency=125
band1Gain=-3
band1Mode=6
band1Q=1
band20Type=0
band21Type=0
band22Type=0
band23Type=0
band24Type=0
band25Type=0
band26Type=0
band27Type=0
band28Type=0
band29Type=0
band2Frequency=2000
band2Gain=3
band2Mode=6
band2Q=0.800000011920929
band30Type=0
band31Type=0
band3Frequency=4000
band3Gain=3
band3Mode=6
band3Q=1
band4Frequency=8000
band4Gain=1.5
band4Mode=6
band4Q=1.2000000476837158
band5Frequency=80
band5Gain=2.0100000000000007
band5Mode=6
band5Q=1.5
band6Frequency=250
band6Gain=-1.5
band6Mode=6
band6Q=1.2000000476837158
band7Type=0
band8Type=0
band9Type=0

[soe][Equalizer#1#right]
band0Frequency=60
band0Gain=4.1000000000000005
band0Mode=6
band0Q=0.699999988079071
band0Type=5
band10Type=0
band11Type=0
band12Type=0
band13Type=0
band14Type=0
band15Type=0
band16Type=0
band17Type=0
band18Type=0
band19Type=0
band1Frequency=125
band1Gain=-3
band1Mode=6
band1Q=1
band20Type=0
band21Type=0
band22Type=0
band23Type=0
band24Type=0
band25Type=0
band26Type=0
band27Type=0
band28Type=0
band29Type=0
band2Frequency=2000
band2Gain=3
band2Mode=6
band2Q=0.800000011920929
band30Type=0
band31Type=0
band3Frequency=4000
band3Gain=3
band3Mode=6
band3Q=1
band4Frequency=8000
band4Gain=1.5
band4Mode=6
band4Q=1.2000000476837158
band5Frequency=80
band5Gain=2.0100000000000007
band5Mode=6
band5Q=1.5
band6Frequency=250
band6Gain=-1.5
band6Mode=6
band6Q=1.2000000476837158
band7Type=0
band8Type=0
band9Type=0
